000000000000010010000000
000000000000001100000000
000000000000001100000000
000000000000022220000000
000000000000022220000000
000000000000332233000000
000000000003333333300000
000000000033333333330000
000000000333333333333000
000000003333334433333300
000000033333334433333330
000000033333334433333330
000000055333334433333550
000000066533344443335660
000000066653344443356660
000000066653344443356660
000000067553342243355760
000000055533342243335550
000000053333342243333350
000000053333342243333350
000000053333342243333350
000000055333342243333550
000000005533342243335500
000000000553342243355000
